base 20 4
00 起點 
01 行雲莊 2000 500 1000 3000 5000 
02 藝術學院 700 200 500 1000 3000 
03 向晴莊 750 200 600 1200 3200 
04 迎曦莊 2000 500 1000 3000 5000 
05 沁月莊 2000 500 1000 3000 5000 
06 命運 
07 東湖 2000 500 1000 3000 5000 
08 體育館 2000 500 1000 3000 5000 
09 理工學院 2000 500 1000 3000 5000 
10 集賢館 2000 500 1000 3000 5000 
11 游泳池 2000 500 1000 3000 5000 
12 學人宿舍 2000 500 1000 3000 5000 
13 含星莊 2000 500 1000 3000 5000 
14 環頸雉 2000 500 1000 3000 5000 
15 環境學院 2000 500 1000 3000 5000 
16 機會 
17 花師 2000 500 1000 3000 5000 
18 行政大樓 2000 500 1000 3000 5000 
19 管理學院 2000 500 1000 3000 5000 
20 原民院 2000 500 1000 3000 5000 
21 華胡 2000 500 1000 3000 5000 
22 人社學院 2000 500 1000 3000 5000 
23 湖畔餐廳 2000 500 1000 3000 5000 
24 擷雲莊 2000 500 1000 3000 5000 
25 圖書館 2000 500 1000 3000 5000 
26 仰山莊 2000 500 1000 3000 5000 
27 多容館 2000 500 1000 3000 5000 
playerstate 0
0 4 18001 01 3 02 1 04 0 
1 24 28000 07 1 24 0 
2 0 859013461 00 0 09 2 
3 4 30000 
bank
0 5562 0 1 1 1 2 1 3 1 4 1 5 1 
1 0 
2 1125 0 2 1 2 2 2 3 2 4 2 5 2 
3 0 
