base 13 4
00 起點 0 
01 行雲莊 1 2000 500 1000 3000 5000 
02 藝術學院 1 700 200 500 1000 3000 
03 向晴莊 1 750 200 600 1200 3200 
04 迎曦莊 1 2000 500 1000 3000 5000 
05 沁月莊 1 2000 500 1000 3000 5000 
06 命運 -1 
07 東湖 1 2000 500 1000 3000 5000 
08 體育館 1 2000 500 1000 3000 5000 
09 理工學院 1 2000 500 1000 3000 5000 
10 集賢館 1 2000 500 1000 3000 5000 
11 游泳池 1 2000 500 1000 3000 5000 
12 學人宿舍 1 2000 500 1000 3000 5000 
13 含星莊 1 2000 500 1000 3000 5000 
14 環頸雉 1 2000 500 1000 3000 5000 
15 環境學院 1 2000 500 1000 3000 5000 
16 機會 -2 
17 花師 1 2000 500 1000 3000 5000 
18 行政大樓 1 2000 500 1000 3000 5000 
19 管理學院 1 2000 500 1000 3000 5000 
20 原民院 1 2000 500 1000 3000 5000 
21 華胡 1 2000 500 1000 3000 5000 
22 人社學院 1 2000 500 1000 3000 5000 
23 湖畔餐廳 1 2000 500 1000 3000 5000 
24 擷雲莊 1 2000 500 1000 3000 5000 
25 圖書館 1 2000 500 1000 3000 5000 
26 仰山莊 1 2000 500 1000 3000 5000 
27 多容館 1 2000 500 1000 3000 5000 
playerstate 1
0 0 27500 01 3 02 1 04 0 10 0 14 0 19 0 22 0 23 0 
1 9 9950 03 0 05 0 07 1 09 0 27 0 
-1 3 0 00 0 06 0 08 0 11 0 12 0 13 0 15 0 16 0 18 0 20 0 21 0 24 0 25 0 26 0 
3 17 2000 17 0 
bank
0 0 0 0 0 0 
1 0 0 0 0 0 
