base 20 4
00 起點 0
01 行雲莊 1 2000 500 1000 3000 5000 
02 藝術學院 1 700 200 500 1000 3000 
03 向晴莊 1 750 200 600 1200 3200 
04 迎曦莊 1 2000 500 1000 3000 5000 
05 沁月莊 1 2000 500 1000 3000 5000 
06 命運 -1 
07 東湖 1 2000 500 1000 3000 5000 
08 體育館 1 2000 500 1000 3000 5000 
09 理工學院 1 2000 500 1000 3000 5000 
10 集賢館 1 2000 500 1000 3000 5000 
11 游泳池 1 2000 500 1000 3000 5000 
12 學人宿舍 1 2000 500 1000 3000 5000 
13 含星莊 1 2000 500 1000 3000 5000 
14 環頸雉 1 2000 500 1000 3000 5000 
15 環境學院 1 2000 500 1000 3000 5000 
16 機會 -1
17 花師 1 2000 500 1000 3000 5000
18 行政大樓 1 2000 500 1000 3000 5000
19 管理學院 1 2000 500 1000 3000 5000
20 原民院 1 2000 500 1000 3000 5000
21 華胡 1 2000 500 1000 3000 5000
22 人社學院 1 2000 500 1000 3000 5000
23 湖畔餐廳 1 2000 500 1000 3000 5000
24 擷雲莊 1 2000 500 1000 3000 5000
25 圖書館 1 2000 500 1000 3000 5000
26 仰山莊 1 2000 500 1000 3000 5000
27 多容館 1 2000 500 1000 3000 5000
playerstate 0
0 2 0
1 27 500
2 1 500
3 1 23000 03 3 04 3 05 3 07 3 08 3 09 3 10 3 11 3 12 3 13 3 14 3 15 3 17 3 18 3 19 3 20 3 21 3 22 3 23 3 24 3 25 3 26 3 27 3
bank
0 500 0 50
1 0
2 0
3 6000 1 4