00 _헕 0
01 쫆헕ː 1 2000 500 1000 3000 5000
02 쫆헕∮ 1 700 200 500 1000 3000
03 쫆헕∑ 1 750 200 600 1200 3200
04 쫆헕∏ 1 2000 500 1000 3000 5000
05 쫆헕¤ 1 2000 500 1000 3000 5000
06 쯗툫 -1
07 쫆헕℉ 1 2000 500 1000 3000 5000
08 쫆헕‰ 1 2000 500 1000 3000 5000
09 쫆헕◁ 1 2000 500 1000 3000 5000
10 쫆헕◀ 1 2000 500 1000 3000 5000
11 쫆헕ː¿ 1 2000 500 1000 3000 5000
12 쫆헕ːː 1 2000 500 1000 3000 5000
13 쫆헕ː∮ 1 2000 500 1000 3000 5000
14 쫆헕ː∑ 1 2000 500 1000 3000 5000
15 쫆헕ː∏ 2000 500 1000 3000 5000
16 업| -2
17 쫆헕ː¤ 1 2000 500 1000 3000 5000
18 쫆헕ː℉ 1 2000 500 1000 3000 5000
19 쫆헕ː‰ 1 2000 500 1000 3000 5000
20 쫆헕ː◁ 1 2000 500 1000 3000 5000
21 쫆헕ː◀ 1 2000 500 1000 3000 5000
22 쫆헕∮¿ 1 2000 500 1000 3000 5000
23 쫆헕∮ː 1 2000 500 1000 3000 5000
24 쫆헕∮∮ 1 2000 500 1000 3000 5000
25 쫆헕∮∑ 1 2000 500 1000 3000 5000
26 쫆헕∮∏ 1 2000 500 1000 3000 5000
27 쫆헕∮¤ 1 2000 500 1000 3000 5000