00 起點 0
01 高雄發大財 1 2000 500 1000 3000 5000
02 台北發大財 1 700 200 500 1000 3000
03 台中發大財 1 750 200 600 1200 3200
04 台南發大財 1 2000 500 1000 3000 5000
05 新北發大財 1 2000 500 1000 3000 5000
06 台東發大財 -1
07 花蓮發大財 1 2000 500 1000 3000 5000
08 南投發大財 1 2000 500 1000 3000 5000
09 苗栗發大財 1 2000 500 1000 3000 5000
10 新竹發大財 1 2000 500 1000 3000 5000
11 桃園發大財 1 2000 500 1000 3000 5000
12 彰化發大財 1 2000 500 1000 3000 5000
13 雲林發大財 1 2000 500 1000 3000 5000
14 嘉義發大財 1 2000 500 1000 3000 5000
15 宜蘭發大財 1 2000 500 1000 3000 5000
16 蘆洲發大財 -2
17 三重發大財 1 2000 500 1000 3000 5000
18 新莊發大財 1 2000 500 1000 3000 5000
19 加九發大財 1 2000 500 1000 3000 5000
20 你發大財 1 2000 500 1000 3000 5000
21 我發大財 1 2000 500 1000 3000 5000
22 他發大財 1 2000 500 1000 3000 5000
23 你們發大財 1 2000 500 1000 3000 5000
24 我們發大財 1 2000 500 1000 3000 5000
25 他們發大財 1 2000 500 1000 3000 5000
26 仰山莊 1 2000 500 1000 3000 5000
27 多容館 1 2000 500 1000 3000 5000